571221
546219
574667
553724
551199
623848
617472
597412
547524
685984
722321
644557
573017
568494
613102
563831
562712
589151
603662
606742
